list(Nchains = 1694498816L, dt = 0)
testlist <- list(Nchains = 1694498816L, dt = 0)