list(n = 168430080L, sn = 167772160L, tn = 1.06547418637313e-255)
testlist <- list(n = 168430080L, sn = 167772160L, tn = 1.06547418637313e-255)