list(alpha = c(0, 0, 3.81572182971913e-236, 4.87590915552497e-318, 
NaN, 8.18042435700144e-311, NaN, NaN, 1.28807683763374e-231, 
NaN, 2.0941886353925e-308, -1.06494561696725e+304, -1.06495349571452e+304, 
2.81900655004896e+135, 5.92601125473055e+20, 3.93752872243208, 
3.9310670408049e-236, -5.48620776116842e+303, 1.28822975391009e-231, 
2.81900655004896e+135, 5.92601125473055e+20, 2.4108251952303e+64, 
3.81189936284662e-236, 2.23323730113833e-308, NaN, 8.33731369172138e-311, 
7.12559945367115e-236, 1.39066652457712e-309, 2, 7.29112200597562e-304, 
0), beta = c(1.39067107867654e-309, 1.15849991618908e-128, 3.15665502255198e-235, 
1.19131809049403e-91, NaN, NaN, NaN, -2.09418756711133e-308, 
-3.71765583073563e+305, 2.22456258234486e-308, NaN, NaN, NaN, 
NaN, 3.81582868357479e-236, -65535.9998782882, 1.0046232578975e-307
))
testlist <- list(alpha = c(0, 0, 3.81572182971913e-236, 4.87590915552497e-318,  NaN, 8.18042435700144e-311, NaN, NaN, 1.28807683763374e-231,  NaN, 2.0941886353925e-308, -1.06494561696725e+304, -1.06495349571452e+304,  2.81900655004896e+135, 5.92601125473055e+20, 3.93752872243208,  3.9310670408049e-236, -5.48620776116842e+303, 1.28822975391009e-231,  2.81900655004896e+135, 5.92601125473055e+20, 2.4108251952303e+64,  3.81189936284662e-236, 2.23323730113833e-308, NaN, 8.33731369172138e-311,  7.12559945367115e-236, 1.39066652457712e-309, 2, 7.29112200597562e-304,  0), beta = c(1.39067107867654e-309, 1.15849991618908e-128, 3.15665502255198e-235,  1.19131809049403e-91, NaN, NaN, NaN, -2.09418756711133e-308,  -3.71765583073563e+305, 2.22456258234486e-308, NaN, NaN, NaN,  NaN, 3.81582868357479e-236, -65535.9998782882, 1.0046232578975e-307 ))