list(h = 0, t = c(-3.97743994536582e+304, Inf, NaN, -8.33890858456641e+305, 
NaN, 1.09503538565029e-301, NaN, 1.39065412329724e-309, 0, 0, 
0, 0, 0, 0, 0, 2.97403381695557e+284, NaN, -4.66534847563262e+304, 
NaN, 0, 0, -1.58149257870347e+29, 4.86173068582902e-63, 2.0269852223172e+243, 
-1.58456324963326e+29, NaN, NaN, NaN, NaN, Inf, 2.0268468490127e+243, 
NaN, NaN, NaN, NaN, 8.19365613512276e+244, 1.36676836732543e-94, 
NaN, -8.33796431760594e+305, NaN, 1.94888064263049e+289, 8.58951114694848e+245, 
0), w = c(8.51953359134206e+245, 1.51979061388169e-47, 7.17142866482675e+244, 
1.27345486673729e-72, 1.29441775627474e-312, 8.09743433701322e-303, 
NaN, NaN, NaN, NaN, NaN, 1.9208072667891e+243, 5.43230915334027e-312, 
0, 0, 0, 0, 0, 0, 0, 0, 0, 0, 0, 0, 0, 0, 0, 0, 0, 0, 0, 0, 0, 
0, 0, 0, 0), x = NaN)
testlist <- list(h = 0, t = c(-3.97743994536582e+304, Inf, NaN, -8.33890858456641e+305,  NaN, 1.09503538565029e-301, NaN, 1.39065412329724e-309, 0, 0,  0, 0, 0, 0, 0, 2.97403381695557e+284, NaN, -4.66534847563262e+304,  NaN, 0, 0, -1.58149257870347e+29, 4.86173068582902e-63, 2.0269852223172e+243,  -1.58456324963326e+29, NaN, NaN, NaN, NaN, Inf, 2.0268468490127e+243,  NaN, NaN, NaN, NaN, 8.19365613512276e+244, 1.36676836732543e-94,  NaN, -8.33796431760594e+305, NaN, 1.94888064263049e+289, 8.58951114694848e+245,  0), w = c(8.51953359134206e+245, 1.51979061388169e-47, 7.17142866482675e+244,  1.27345486673729e-72, 1.29441775627474e-312, 8.09743433701322e-303,  NaN, NaN, NaN, NaN, NaN, 1.9208072667891e+243, 5.43230915334027e-312,  0, 0, 0, 0, 0, 0, 0, 0, 0, 0, 0, 0, 0, 0, 0, 0, 0, 0, 0, 0, 0,  0, 0, 0, 0), x = NaN)