list(scale = -1027473408L, z = structure(8.47060629506837e-303, .Dim = c(1L, 
1L)))
testlist <- list(scale = -1027473408L, z = structure(8.47060629506837e-303, .Dim = c(1L,  1L)))