list(mean = 0, phi = 0, sd = 0, timesteps = -167772160L)
testlist <- list(mean = 0, phi = 0, sd = 0, timesteps = -167772160L)