list(maxr = 167772160L, s = 0L, t = 0L)
testlist <- list(maxr = 167772160L, s = 0L, t = 0L)