list(Pi = 0, R2 = 0, df = 0, gen = structure(c(0, 1.25986739689518e-321, 
8.39770138875738e-306, 7.29112201955267e-304, 2.46691095108117e-308, 
2.55320613956971e-310, 9.01285756841504e-188, 9.01285756841504e-188, 
8.97765655174134e-188, 4.94065645841247e-324, 5.80280101040544e-319, 
1.37968349598751e-306, 5.95507585945178e+228, 2.33273079123131e-308, 
8.27291975577784e-317, 9.23506659606386e-311, 1.91558313304663e-130, 
9.23598668017635e-311, 0, 3.22530994261624e-319, 1.390671161567e-309, 
2.12199579096527e-314, 0, 0, 0, 0, 0, 0, 0, 0, 0, 0, 0, 0, 0, 
0, 0, 0, 0, 0, 0, 0, 0, 0, 0, 0, 0, 0, 0), .Dim = c(7L, 7L)), 
    y = c(1.08601191957972e-306, 1.11255178377458e-308, 1.38559959162659e-309, 
    1.80331784979079e-130, 0, -1.16580136461866e+304, 1.81960585724394e-130, 
    1.390671161567e-309, 1.6189543082926e-319, 8.37661686258722e-308, 
    5.43230922613096e-312, 1.3589947152546e-183, 9.01285756841504e-188, 
    9.01285756841504e-188, NaN, NaN, 7.93729664421572e-174, 7.29112201151424e-304, 
    -3.02557622972959e-306, 7.62995219649966e-305, 3.56142132842761e+228, 
    -1.46791725889794e+115, 5.36946486325e-310, 2.12199579096527e-314, 
    2.12199579096527e-314, -5.48612406879369e+303, -5.48612668631393e+303, 
    5.8408188785814e-308, 6.39600512529005e-308, NaN, NaN, NaN, 
    8.44254251540921e-227, 6.97798465493963e-116, -1.16580181834169e+304, 
    2.3641770486086e-308, -5.48745822553089e+303, NaN, -1.96568260790928e-236, 
    3.63372088255389e+228, 2.4043841826337e+108, 1.68048229156481e+117, 
    -1.46791749459366e+115, -1.46791787790489e+115, 3.07839226127919e+169, 
    7.14997931873366e-304, NaN, NaN, 3.23785921002061e-319, 1.39067116156701e-309, 
    1.6189543082926e-319, 0, 2.86140912880456e-306, -1.46791787790489e+115, 
    7.29112201955656e-304, -7.84591167639454e+298, -7.84591167639454e+298, 
    6.83363985362345e-304, 1.80375468020952e-130, NaN, NaN, NaN, 
    5.43230954865702e-312, 9.01285756633192e-188, 9.01285756841504e-188, 
    9.01285756841504e-188, 4.23570254822373e-314, 1.26480805335359e-321, 
    0, 1.06099789548264e-314, 3.37173468297097e-164, 7.29112204661192e-304, 
    9.0127210491288e-188, 2.28741082966475e-303, NaN, 5.38970288054396e-312, 
    2.38424052705261e-308, NaN, NaN, 1.39843739404012e+190, 5.43230922412012e-312, 
    2.73729718432926e-312, 8.28904605845809e-317, 2.71615461370036e-312, 
    0, 1.18182126307664e-125, 1.6198930330197e-319))
testlist <- list(Pi = 0, R2 = 0, df = 0, gen = structure(c(0, 1.25986739689518e-321,  8.39770138875738e-306, 7.29112201955267e-304, 2.46691095108117e-308,  2.55320613956971e-310, 9.01285756841504e-188, 9.01285756841504e-188,  8.97765655174134e-188, 4.94065645841247e-324, 5.80280101040544e-319,  1.37968349598751e-306, 5.95507585945178e+228, 2.33273079123131e-308,  8.27291975577784e-317, 9.23506659606386e-311, 1.91558313304663e-130,  9.23598668017635e-311, 0, 3.22530994261624e-319, 1.390671161567e-309,  2.12199579096527e-314, 0, 0, 0, 0, 0, 0, 0, 0, 0, 0, 0, 0, 0,  0, 0, 0, 0, 0, 0, 0, 0, 0, 0, 0, 0, 0, 0), .Dim = c(7L, 7L)),      y = c(1.08601191957972e-306, 1.11255178377458e-308, 1.38559959162659e-309,      1.80331784979079e-130, 0, -1.16580136461866e+304, 1.81960585724394e-130,      1.390671161567e-309, 1.6189543082926e-319, 8.37661686258722e-308,      5.43230922613096e-312, 1.3589947152546e-183, 9.01285756841504e-188,      9.01285756841504e-188, NaN, NaN, 7.93729664421572e-174, 7.29112201151424e-304,      -3.02557622972959e-306, 7.62995219649966e-305, 3.56142132842761e+228,      -1.46791725889794e+115, 5.36946486325e-310, 2.12199579096527e-314,      2.12199579096527e-314, -5.48612406879369e+303, -5.48612668631393e+303,      5.8408188785814e-308, 6.39600512529005e-308, NaN, NaN, NaN,      8.44254251540921e-227, 6.97798465493963e-116, -1.16580181834169e+304,      2.3641770486086e-308, -5.48745822553089e+303, NaN, -1.96568260790928e-236,      3.63372088255389e+228, 2.4043841826337e+108, 1.68048229156481e+117,      -1.46791749459366e+115, -1.46791787790489e+115, 3.07839226127919e+169,      7.14997931873366e-304, NaN, NaN, 3.23785921002061e-319, 1.39067116156701e-309,      1.6189543082926e-319, 0, 2.86140912880456e-306, -1.46791787790489e+115,      7.29112201955656e-304, -7.84591167639454e+298, -7.84591167639454e+298,      6.83363985362345e-304, 1.80375468020952e-130, NaN, NaN, NaN,      5.43230954865702e-312, 9.01285756633192e-188, 9.01285756841504e-188,      9.01285756841504e-188, 4.23570254822373e-314, 1.26480805335359e-321,      0, 1.06099789548264e-314, 3.37173468297097e-164, 7.29112204661192e-304,      9.0127210491288e-188, 2.28741082966475e-303, NaN, 5.38970288054396e-312,      2.38424052705261e-308, NaN, NaN, 1.39843739404012e+190, 5.43230922412012e-312,      2.73729718432926e-312, 8.28904605845809e-317, 2.71615461370036e-312,      0, 1.18182126307664e-125, 1.6198930330197e-319))