list(h = 0, t = c(3.84242741516905e-315, NaN, 0, -1.83518582439192e-77, 
0, 0, NaN, NaN, 0, NaN, 1.39610338790267e-309, NaN, 6.13587920373339e-92, 
7.38454535134375e-312, NaN, 6.13636682068341e-92, NaN, -8.37116096245771e+298, 
1.40825002832274e+135, 1.03366462432942e-255, -8.92968484181415e+303, 
NaN, NaN, NaN, NaN, -5.48749486684361e+303, 1.94700436600837e-125, 
NaN, 1.17883154417904e-259, NaN, NaN, NaN, -8.97521873904818e+303, 
NaN, NaN, 1.25552732010672e+58, 5.88641553085e-310, 1.8827499041186e-183, 
NaN, NaN, -5.48612406879369e+303, 1.00106597379981e-307, 2.74383049188277e-260, 
2.64619380508802e-260, -9.25783434565194e+303, 1.62597454370525e-260, 
8.61692234894208e-317, 2.61830112536333e+122, 0), w = c(-5.48612155539364e+303, 
NaN, NaN, 3.11510399442146e-307, 2.61830011167899e+122, 1.25552732010667e+58, 
2.74345064915275e-260, 8.71383249358459e+120, NaN, 8.3214246505583e-317, 
3.38460656020607e+125, 2.0648641948473e-305, 1.37980886437268e-309, 
2.21824151598959e+130, 9.01763414219063e-310, 2.61829956159611e+122, 
2.65969072503928e-260, NaN, NaN, 2.59247761289815e+122, NaN, 
7.06327801466072e-304, -3.02291831757519e+304, NaN, NaN, NaN, 
5.29233822386828e-310, 1.44567967827219e-309, 3.17307026409937e+125, 
7.14457778265713e-304, NaN, -7.79970597171669e-308, 2.743830552668e-260, 
NaN, 4.39718424798709e-322, 0), x = 2.51479413733194e-321)
testlist <- list(h = 0, t = c(3.84242741516905e-315, NaN, 0, -1.83518582439192e-77,  0, 0, NaN, NaN, 0, NaN, 1.39610338790267e-309, NaN, 6.13587920373339e-92,  7.38454535134375e-312, NaN, 6.13636682068341e-92, NaN, -8.37116096245771e+298,  1.40825002832274e+135, 1.03366462432942e-255, -8.92968484181415e+303,  NaN, NaN, NaN, NaN, -5.48749486684361e+303, 1.94700436600837e-125,  NaN, 1.17883154417904e-259, NaN, NaN, NaN, -8.97521873904818e+303,  NaN, NaN, 1.25552732010672e+58, 5.88641553085e-310, 1.8827499041186e-183,  NaN, NaN, -5.48612406879369e+303, 1.00106597379981e-307, 2.74383049188277e-260,  2.64619380508802e-260, -9.25783434565194e+303, 1.62597454370525e-260,  8.61692234894208e-317, 2.61830112536333e+122, 0), w = c(-5.48612155539364e+303,  NaN, NaN, 3.11510399442146e-307, 2.61830011167899e+122, 1.25552732010667e+58,  2.74345064915275e-260, 8.71383249358459e+120, NaN, 8.3214246505583e-317,  3.38460656020607e+125, 2.0648641948473e-305, 1.37980886437268e-309,  2.21824151598959e+130, 9.01763414219063e-310, 2.61829956159611e+122,  2.65969072503928e-260, NaN, NaN, 2.59247761289815e+122, NaN,  7.06327801466072e-304, -3.02291831757519e+304, NaN, NaN, NaN,  5.29233822386828e-310, 1.44567967827219e-309, 3.17307026409937e+125,  7.14457778265713e-304, NaN, -7.79970597171669e-308, 2.743830552668e-260,  NaN, 4.39718424798709e-322, 0), x = 2.51479413733194e-321)