list(DD = c(-1.20243020218859e+111, 0), res = structure(0, .Dim = c(1L, 
1L)))
testlist <- list(DD = c(-1.20243020218859e+111, 0), res = structure(0, .Dim = c(1L,  1L)))