list(W = structure(0, .Dim = c(1L, 1L)), X = structure(8.2890428470314e-316, .Dim = c(1L, 
1L)), nCol = -16640L, nRow = 9L)
testlist <- list(W = structure(0, .Dim = c(1L, 1L)), X = structure(8.2890428470314e-316, .Dim = c(1L,  1L)), nCol = -16640L, nRow = 9L)