list(Ts = 1.06547370198877e-255, n = -62976L, sn = 1073741824L)
testlist <- list(Ts = 1.06547370198877e-255, n = -62976L, sn = 1073741824L)