list(alpha = c(-1.94906461748608e+289, NaN, NaN, NaN, 0, -6.92446207870292e+274, 
NaN, NaN, -3.68380079168007e+279, -3.6832468345149e+279, -7.34705792593934e+274, 
-0.124986596201438, -3.19462196499694e-05, -0.124019607843137, 
NaN, -0.124019622802734, -0.124019607843137, -0.124019607843137, 
-0.124019607843137, -0.124011918843961, -2.23459142457566e+285, 
-5.41661375125616e+284, NaN, -1.99999528371052, 2.68110434968498e-135, 
-1.99999528378243, 2.68110434968498e-135, 2.34700342591976e-241, 
1.73693413769508e+98, NaN, 2.2879890999253e-245, -5.41729866360919e+284, 
-2.23059350242412e+305, Inf, 7.06416101944329e-304, 0, -Inf, 
1.83286113247151e-308, 3.25995134720905e-307, -1.63978466115122e+285, 
-1.52512729307088e+289, 0, NaN, NaN, NaN, 4.2521417593307e-149, 
1.29849307826411e+219, 0), beta = c(Inf, Inf, 3.43253360114072e-245, 
2.13606955060706e-306, -1.88815458970875e+289, 6.9827750351269e-251, 
NaN, NaN, NaN, 2.53586429029325e-241, 1.55737447796709e-207, 
1.66711496676531e-245, 5.29946982737812e-169, -1.8835112221809e+299, 
-1.16451017026012e+304, 9.707815432748e-309, 6.37353695174958e-304, 
-5.57558732431684e+284, NaN, NaN, -3.68380079164834e+279, -3.68380079148118e+279, 
Inf, -3.68379990044719e+279, NaN, -Inf, -2.8088955187465e+306, 
NaN, 1.10313064165653e+217, 2.93363149712267e+265, -1.98871997493771e+304, 
NaN, 5.07695399662803e-299, NaN, NaN, -1.60283297694683e-180, 
NaN, NaN, NaN, 7.05864029009008e-317, 0))
testlist <- list(alpha = c(-1.94906461748608e+289, NaN, NaN, NaN, 0, -6.92446207870292e+274,  NaN, NaN, -3.68380079168007e+279, -3.6832468345149e+279, -7.34705792593934e+274,  -0.124986596201438, -3.19462196499694e-05, -0.124019607843137,  NaN, -0.124019622802734, -0.124019607843137, -0.124019607843137,  -0.124019607843137, -0.124011918843961, -2.23459142457566e+285,  -5.41661375125616e+284, NaN, -1.99999528371052, 2.68110434968498e-135,  -1.99999528378243, 2.68110434968498e-135, 2.34700342591976e-241,  1.73693413769508e+98, NaN, 2.2879890999253e-245, -5.41729866360919e+284,  -2.23059350242412e+305, Inf, 7.06416101944329e-304, 0, -Inf,  1.83286113247151e-308, 3.25995134720905e-307, -1.63978466115122e+285,  -1.52512729307088e+289, 0, NaN, NaN, NaN, 4.2521417593307e-149,  1.29849307826411e+219, 0), beta = c(Inf, Inf, 3.43253360114072e-245,  2.13606955060706e-306, -1.88815458970875e+289, 6.9827750351269e-251,  NaN, NaN, NaN, 2.53586429029325e-241, 1.55737447796709e-207,  1.66711496676531e-245, 5.29946982737812e-169, -1.8835112221809e+299,  -1.16451017026012e+304, 9.707815432748e-309, 6.37353695174958e-304,  -5.57558732431684e+284, NaN, NaN, -3.68380079164834e+279, -3.68380079148118e+279,  Inf, -3.68379990044719e+279, NaN, -Inf, -2.8088955187465e+306,  NaN, 1.10313064165653e+217, 2.93363149712267e+265, -1.98871997493771e+304,  NaN, 5.07695399662803e-299, NaN, NaN, -1.60283297694683e-180,  NaN, NaN, NaN, 7.05864029009008e-317, 0))