list(location = 0, n = -234881024L, shape = 0)
testlist <- list(location = 0, n = -234881024L, shape = 0)