list(Pi = 0, R2 = 0, df = 0, gen = structure(c(5.53166320495668e+303, 
1.1194539403471e-319, 2.41104984160611e+64, 3.37090955503478e+125, 
1.28159792626592e+67, 4.47500443872012e-153, 7.29112457270443e-304, 
6.40823003200403e-145, 0, 0, 0, 0, 0, 0, 0, 0, 0, 0, 0, 0, 0, 
0, 0, 0), .Dim = c(4L, 6L)), y = c(-6.2428618129552e+144, 3.84094139136559e-306, 
NaN, -1.32811468100343e-170, 7.29100380575437e-304, 7.25309198932952e-310, 
7.61647641584757e+38, 2.71621229780125e-312, -1.90059910708271e+306, 
1.84016822448363e-314, 7.4056721157812e+38, 8.72092136294151e+241, 
1.34785403772213e+243, 9.07655807868997e+223, 7.91425666066762e-308, 
NaN, 5.43230922486616e-312, -1.79747368989956e+308, -8.28609181578562e+307, 
7.2911220059951e-304, 2.67057923563551e-307, -4.80315028595626e-172, 
-1.31703381083419e+305, -5.46351766778052e-108, -6.14647536044521e+144, 
-1.31687737804592e+305, -4.81585244479977e-63, 5.9873612678053e-275, 
NaN, -8.89002405229458e+307, 2.52558749187165e-29, NaN, 0, 0, 
0, 0, -6.35868678401248e+140))
testlist <- list(Pi = 0, R2 = 0, df = 0, gen = structure(c(5.53166320495668e+303,  1.1194539403471e-319, 2.41104984160611e+64, 3.37090955503478e+125,  1.28159792626592e+67, 4.47500443872012e-153, 7.29112457270443e-304,  6.40823003200403e-145, 0, 0, 0, 0, 0, 0, 0, 0, 0, 0, 0, 0, 0,  0, 0, 0), .Dim = c(4L, 6L)), y = c(-6.2428618129552e+144, 3.84094139136559e-306,  NaN, -1.32811468100343e-170, 7.29100380575437e-304, 7.25309198932952e-310,  7.61647641584757e+38, 2.71621229780125e-312, -1.90059910708271e+306,  1.84016822448363e-314, 7.4056721157812e+38, 8.72092136294151e+241,  1.34785403772213e+243, 9.07655807868997e+223, 7.91425666066762e-308,  NaN, 5.43230922486616e-312, -1.79747368989956e+308, -8.28609181578562e+307,  7.2911220059951e-304, 2.67057923563551e-307, -4.80315028595626e-172,  -1.31703381083419e+305, -5.46351766778052e-108, -6.14647536044521e+144,  -1.31687737804592e+305, -4.81585244479977e-63, 5.9873612678053e-275,  NaN, -8.89002405229458e+307, 2.52558749187165e-29, NaN, 0, 0,  0, 0, -6.35868678401248e+140))