list(alpha = c(6.95346273650366e-310, -1.23694892159328e+306, 
1.04425978491721e+189, 5.9297944843167e-104, 4.08810730418377e-207, 
7.00767681546498e-310, 1179649.78124994, -1.94906202603826e+289, 
2.57474520378265e-82, 4.73532090919054e-63, NaN, NaN, NaN, NaN, 
NaN, NaN, -5.8280127477253e+303, 2.55533350751378e-269, 1.38413069076639e-101, 
7.12201640630985e-304, 1.42158308071079e-101, NaN, -1.16502390496724e+111, 
4.23605780965963e-205, 8589934591.99978, -1.17427129361795e+111, 
877600.597718567, 1245183.99674982, 676625920.509118, -4.13762211545684e+304, 
-3.33282037177476e+306), beta = c(NaN, NaN, NaN, 3.74873500369749e-105, 
5.98926857794435e+193, 1.41502490398303e+190, 8366587888.51029, 
-1.13307952762168e+292, NaN, 2.71453232257103e-86, -1.02629002949063e+270, 
-3.39905381839038e-217, -1.27727139863361e+294, -4.25135062235298e+304, 
-4.94626022818917e+304, 7.12201640335273e-304, -4.13718506832586e+304
))
testlist <- list(alpha = c(6.95346273650366e-310, -1.23694892159328e+306,  1.04425978491721e+189, 5.9297944843167e-104, 4.08810730418377e-207,  7.00767681546498e-310, 1179649.78124994, -1.94906202603826e+289,  2.57474520378265e-82, 4.73532090919054e-63, NaN, NaN, NaN, NaN,  NaN, NaN, -5.8280127477253e+303, 2.55533350751378e-269, 1.38413069076639e-101,  7.12201640630985e-304, 1.42158308071079e-101, NaN, -1.16502390496724e+111,  4.23605780965963e-205, 8589934591.99978, -1.17427129361795e+111,  877600.597718567, 1245183.99674982, 676625920.509118, -4.13762211545684e+304,  -3.33282037177476e+306), beta = c(NaN, NaN, NaN, 3.74873500369749e-105,  5.98926857794435e+193, 1.41502490398303e+190, 8366587888.51029,  -1.13307952762168e+292, NaN, 2.71453232257103e-86, -1.02629002949063e+270,  -3.39905381839038e-217, -1.27727139863361e+294, -4.25135062235298e+304,  -4.94626022818917e+304, 7.12201640335273e-304, -4.13718506832586e+304 ))