list(blk = c(-4.65891942404589e+304, NaN, -4.66320545847164e+304, 
NaN, -5.65890483170247e+303, NaN, NaN, NaN, NaN, NaN, 7.37479175009817e-304, 
-9.77719780328252e-292, -9.77719780333789e-292, -9.77719780333468e-292, 
1.39804328609529e-76, 1.39804328609529e-76, 2.20243012672223e-106, 
NaN, 1.03977793756804e-312, NaN, NaN, NaN, NaN, -2.98350720714533e+305, 
NaN, NaN, NaN, NaN, NaN, 8.17026629624123e-312, 3.75029131585918e-274, 
1.86743918524522e-312, 1.13195988485331e-72, -2.46006311446216e+260, 
-9.76342098073376e-292, 1.39804371501805e-76, NaN, NaN, NaN, 
NaN, 5.16449975614417e+120, -Inf, 7.29289643417425e-304, -9.7761923421527e-292, 
-9.77719780333789e-292, -1.72074529470801e-292, 1.39804328777077e-76, 
1.39804328609529e-76, 1.39804328609529e-76, NaN, NaN, NaN, NaN, 
1.29035286663029e+214, 1.37562548371163e+214, 4.87620583420803e-153, 
-5.71784866713053e-21, 7.29112201955634e-304, 1.93088806045645e-197, 
1.93059187450955e-197, 1.39801021253311e-76, -4.66320544826641e+304, 
NaN, NaN, NA, NaN, NaN, NaN, 0), cN = 0, col = c(NaN, NaN, 6.1379198232142e-275, 
NaN, NaN, NaN, -9.77720122240588e-292, -9.77719780333468e-292, 
0.00048441816778744, 1.41422794828046e-76, NaN, 1.08646184497373e-311, 
5.39493493740409e-307, -1.04799583732801e-160, NaN, 1.80979237111466e+155, 
8.6232476800859e-308, -9.77719778799577e-292, -9.77719780333789e-292, 
-9.77689169286783e-292, 1.39804328609531e-76, 1.39804328609529e-76, 
1.39804328609529e-76, 0, 0, 0, 0, 0, 0, 0, 0, 0, 0, 0, 0, 0, 
0, 0, 0, 0, 0, 0, 0, 0, 0, 0, 0, 0, 0, 0, 0, 0, 0, 0, 0, 0, 0, 
0, 0, 0, 0), rN = 0, row = c(NA, NaN, 8.96709002603997e-313, 
-9.77719387575468e-292, -7.13350232835868e-292, 1.39815309032171e-76, 
1.39804328609529e-76, 1.39804328609529e-76, -5.48634381512284e+303, 
NaN, 1.13182170615803e-72, NaN, 2.67754960241346e-76, NaN, NaN, 
NaN, NaN, NaN, 8.3053099461004e-275, 1.9021527364888e-321, 7.29023208730484e-304, 
NaN, NaN, -Inf, -9.77719792279243e-292, NaN, -4.66320545847463e+304, 
NaN, NaN, NaN, 7.37479175009817e-304, 154870219264, 3.50285334483671e-315, 
-1.81016869983042e+103, 2.40578103210782e-152, 2.71963601226923e-312, 
NaN, -9.77719759317699e-292, -0.000247012867648215, 0))
testlist <- list(blk = c(-4.65891942404589e+304, NaN, -4.66320545847164e+304,  NaN, -5.65890483170247e+303, NaN, NaN, NaN, NaN, NaN, 7.37479175009817e-304,  -9.77719780328252e-292, -9.77719780333789e-292, -9.77719780333468e-292,  1.39804328609529e-76, 1.39804328609529e-76, 2.20243012672223e-106,  NaN, 1.03977793756804e-312, NaN, NaN, NaN, NaN, -2.98350720714533e+305,  NaN, NaN, NaN, NaN, NaN, 8.17026629624123e-312, 3.75029131585918e-274,  1.86743918524522e-312, 1.13195988485331e-72, -2.46006311446216e+260,  -9.76342098073376e-292, 1.39804371501805e-76, NaN, NaN, NaN,  NaN, 5.16449975614417e+120, -Inf, 7.29289643417425e-304, -9.7761923421527e-292,  -9.77719780333789e-292, -1.72074529470801e-292, 1.39804328777077e-76,  1.39804328609529e-76, 1.39804328609529e-76, NaN, NaN, NaN, NaN,  1.29035286663029e+214, 1.37562548371163e+214, 4.87620583420803e-153,  -5.71784866713053e-21, 7.29112201955634e-304, 1.93088806045645e-197,  1.93059187450955e-197, 1.39801021253311e-76, -4.66320544826641e+304,  NaN, NaN, NA, NaN, NaN, NaN, 0), cN = 0, col = c(NaN, NaN, 6.1379198232142e-275,  NaN, NaN, NaN, -9.77720122240588e-292, -9.77719780333468e-292,  0.00048441816778744, 1.41422794828046e-76, NaN, 1.08646184497373e-311,  5.39493493740409e-307, -1.04799583732801e-160, NaN, 1.80979237111466e+155,  8.6232476800859e-308, -9.77719778799577e-292, -9.77719780333789e-292,  -9.77689169286783e-292, 1.39804328609531e-76, 1.39804328609529e-76,  1.39804328609529e-76, 0, 0, 0, 0, 0, 0, 0, 0, 0, 0, 0, 0, 0,  0, 0, 0, 0, 0, 0, 0, 0, 0, 0, 0, 0, 0, 0, 0, 0, 0, 0, 0, 0, 0,  0, 0, 0, 0), rN = 0, row = c(NA, NaN, 8.96709002603997e-313,  -9.77719387575468e-292, -7.13350232835868e-292, 1.39815309032171e-76,  1.39804328609529e-76, 1.39804328609529e-76, -5.48634381512284e+303,  NaN, 1.13182170615803e-72, NaN, 2.67754960241346e-76, NaN, NaN,  NaN, NaN, NaN, 8.3053099461004e-275, 1.9021527364888e-321, 7.29023208730484e-304,  NaN, NaN, -Inf, -9.77719792279243e-292, NaN, -4.66320545847463e+304,  NaN, NaN, NaN, 7.37479175009817e-304, 154870219264, 3.50285334483671e-315,  -1.81016869983042e+103, 2.40578103210782e-152, 2.71963601226923e-312,  NaN, -9.77719759317699e-292, -0.000247012867648215, 0))