list(W = structure(1.3331952477468e-309, .Dim = c(1L, 1L)), X = structure(2.06842847014058e+272, .Dim = c(1L, 
1L)), nCol = 1442891008L, nRow = -602469633L, nnr = 0L)
testlist <- list(W = structure(1.3331952477468e-309, .Dim = c(1L, 1L)), X = structure(2.06842847014058e+272, .Dim = c(1L,  1L)), nCol = 1442891008L, nRow = -602469633L, nnr = 0L)