list(NI = 2113929216L, NK = 0L, TP = 16711680L, rr0M = structure(7.06327445644526e-304, .Dim = c(1L, 
1L)))
testlist <- list(NI = 2113929216L, NK = 0L, TP = 16711680L, rr0M = structure(7.06327445644526e-304, .Dim = c(1L,  1L)))