list(R2 = 0, df = 0, gen = structure(c(5.25663347309676e+83, 
5.25663347321943e+83, 1.39910208854522e+78, 7.69461202120225e+218, 
8.73989989223353e+245, 1.16688169557572e+224, 6.52166652510445e-322, 
4.4559681959253e-140, 2.35947479323844e-308, 0, 2.39377761669885e-307, 
1.65436122510606e-24, 3.71378462081006e-306, 8.28904556439245e-317, 
6.79960809482891e-317, 1.16852998303557e+261, 1.96764705941314, 
5.34956768411778e-308, 3.23790861658519e-319, 3.73742874671131e-306, 
0, 0, 0, 0, 0, 0, 0, 0, 0, 0, 0, 0, 0, 0, 0, 0, 0, 0, 0, 0, 0, 
0, 0, 0, 0, 0, 0, 0, 0, 0, 0, 0, 0, 0, 0, 0, 0, 0, 0, 0, 0, 0, 
0, 0, 0, 0, 0, 0, 0, 0, 0, 0, 0, 0, 0, 0, 0, 0, 0, 0, 0, 0, 0, 
0, 0, 0, 0, 0, 0, 0, 0, 0, 0, 0, 0, 0, 0, 0, 0, 0), .Dim = c(10L, 
10L)), y = c(-5.25380710566864e-287, 2.84870294711963e-306, 3.42848359532041e-313, 
1.33914874212994e-284, 2.40588383951381e-65, 4.1967249157365e-312, 
7.67394100761116e+115, 4.16185040549435e-317, 1.82255801446619e-304, 
7.11578619677489e-304, 2.7346401574918e-312, -2.43015855704738e-265, 
-1.34485047585083e-284, 4.35923916138679e-109, -4.3097636413818e-288, 
5.98210772433119e-305, 3.99183735400016e-109, 2.94335373094531e-306, 
1.30302881827568e-284, -1.05658899928618e+270, 1.33914874401091e-284, 
2.18007647765291e-106, 1.38526007230003e-309, NaN, 1.21681646086551e-309, 
1.62969278422004e-311, NaN, NaN, 1.8225623400135e-304, 8.28898281805543e-317, 
-5.48612406879369e+303, -2882303761517116928, -2848394305499268608, 
-1.40470965738379e+306, 6.95295268270843e-309, -2.4038102003159e-265, 
3.5601181736116e-306, -4.00501843840718e+307, -4.85970792937344e+149, 
2.00937738056714e-110, 2.72751039304294e-312, 4.20398271455111e-145, 
-5.48612425280985e+303))
testlist <- list(R2 = 0, df = 0, gen = structure(c(5.25663347309676e+83,  5.25663347321943e+83, 1.39910208854522e+78, 7.69461202120225e+218,  8.73989989223353e+245, 1.16688169557572e+224, 6.52166652510445e-322,  4.4559681959253e-140, 2.35947479323844e-308, 0, 2.39377761669885e-307,  1.65436122510606e-24, 3.71378462081006e-306, 8.28904556439245e-317,  6.79960809482891e-317, 1.16852998303557e+261, 1.96764705941314,  5.34956768411778e-308, 3.23790861658519e-319, 3.73742874671131e-306,  0, 0, 0, 0, 0, 0, 0, 0, 0, 0, 0, 0, 0, 0, 0, 0, 0, 0, 0, 0, 0,  0, 0, 0, 0, 0, 0, 0, 0, 0, 0, 0, 0, 0, 0, 0, 0, 0, 0, 0, 0, 0,  0, 0, 0, 0, 0, 0, 0, 0, 0, 0, 0, 0, 0, 0, 0, 0, 0, 0, 0, 0, 0,  0, 0, 0, 0, 0, 0, 0, 0, 0, 0, 0, 0, 0, 0, 0, 0, 0), .Dim = c(10L,  10L)), y = c(-5.25380710566864e-287, 2.84870294711963e-306, 3.42848359532041e-313,  1.33914874212994e-284, 2.40588383951381e-65, 4.1967249157365e-312,  7.67394100761116e+115, 4.16185040549435e-317, 1.82255801446619e-304,  7.11578619677489e-304, 2.7346401574918e-312, -2.43015855704738e-265,  -1.34485047585083e-284, 4.35923916138679e-109, -4.3097636413818e-288,  5.98210772433119e-305, 3.99183735400016e-109, 2.94335373094531e-306,  1.30302881827568e-284, -1.05658899928618e+270, 1.33914874401091e-284,  2.18007647765291e-106, 1.38526007230003e-309, NaN, 1.21681646086551e-309,  1.62969278422004e-311, NaN, NaN, 1.8225623400135e-304, 8.28898281805543e-317,  -5.48612406879369e+303, -2882303761517116928, -2848394305499268608,  -1.40470965738379e+306, 6.95295268270843e-309, -2.4038102003159e-265,  3.5601181736116e-306, -4.00501843840718e+307, -4.85970792937344e+149,  2.00937738056714e-110, 2.72751039304294e-312, 4.20398271455111e-145,  -5.48612425280985e+303))