list(C = 0L, PostW = structure(7.15325802344868e-307, .Dim = c(1L, 
1L)), W = -16777216L)
testlist <- list(C = 0L, PostW = structure(7.15325802344868e-307, .Dim = c(1L,  1L)), W = -16777216L)