list(api = 0, rsi = 0, spgr = 0, t = 4.94065645841247e-323)
testlist <- list(api = 0, rsi = 0, spgr = 0, t = 4.94065645841247e-323)